3 0.77734375 0.13984375 0.2203125 0.11015625
3 0.40859375 0.115625 0.41875 0.08828125
3 0.41328125 0.103125 0.40703125 0.1046875
2 0.41015625 0.1046875 0.41015625 0.10546875
1 0.7671875 0.36484375 0.259375 0.2953125
2 0.35390625 0.27109375 0.3984375 0.1078125
3 0.5 0.3921875 0.18671875 0.0859375
3 0.31171875 0.41171875 0.1390625 0.11953125
1 0.5859375 0.63828125 0.09453125 0.3140625
2 0.26015625 0.5734375 0.40546875 0.09140625
1 0.728125 0.73828125 0.3125 0.29609375
2 0.25546875 0.7328125 0.4203125 0.07421875